9.982032341784787821e-01 -1.796765821521261689e-03 -5.989219405070872471e-02 -1.796765821521261689e-03 9.982032341784787821e-01 -5.989219405070872471e-02 5.989219405070872471e-02 5.989219405070872471e-02 9.964064683569575642e-01
9.982032341784787821e-01 -1.796765821521261689e-03 -5.989219405070872471e-02 -1.796765821521261689e-03 9.982032341784787821e-01 -5.989219405070872471e-02 5.989219405070872471e-02 5.989219405070872471e-02 9.964064683569575642e-01
9.982032341784787821e-01 -1.796765821521261689e-03 -5.989219405070872471e-02 -1.796765821521261689e-03 9.982032341784787821e-01 -5.989219405070872471e-02 5.989219405070872471e-02 5.989219405070872471e-02 9.964064683569575642e-01
9.982032341784787821e-01 -1.796765821521261689e-03 -5.989219405070872471e-02 -1.796765821521261689e-03 9.982032341784787821e-01 -5.989219405070872471e-02 5.989219405070872471e-02 5.989219405070872471e-02 9.964064683569575642e-01
9.982032341784787821e-01 -1.796765821521261689e-03 -5.989219405070872471e-02 -1.796765821521261689e-03 9.982032341784787821e-01 -5.989219405070872471e-02 5.989219405070872471e-02 5.989219405070872471e-02 9.964064683569575642e-01
9.982032341784787821e-01 -1.796765821521261689e-03 -5.989219405070872471e-02 -1.796765821521261689e-03 9.982032341784787821e-01 -5.989219405070872471e-02 5.989219405070872471e-02 5.989219405070872471e-02 9.964064683569575642e-01
9.982032341784787821e-01 -1.796765821521261689e-03 -5.989219405070872471e-02 -1.796765821521261689e-03 9.982032341784787821e-01 -5.989219405070872471e-02 5.989219405070872471e-02 5.989219405070872471e-02 9.964064683569575642e-01
9.982032341784787821e-01 -1.796765821521261689e-03 -5.989219405070872471e-02 -1.796765821521261689e-03 9.982032341784787821e-01 -5.989219405070872471e-02 5.989219405070872471e-02 5.989219405070872471e-02 9.964064683569575642e-01
9.982032341784787821e-01 -1.796765821521261689e-03 -5.989219405070872471e-02 -1.796765821521261689e-03 9.982032341784787821e-01 -5.989219405070872471e-02 5.989219405070872471e-02 5.989219405070872471e-02 9.964064683569575642e-01
9.982032341784787821e-01 -1.796765821521261689e-03 -5.989219405070872471e-02 -1.796765821521261689e-03 9.982032341784787821e-01 -5.989219405070872471e-02 5.989219405070872471e-02 5.989219405070872471e-02 9.964064683569575642e-01
9.982032341784787821e-01 -1.796765821521261689e-03 -5.989219405070872471e-02 -1.796765821521261689e-03 9.982032341784787821e-01 -5.989219405070872471e-02 5.989219405070872471e-02 5.989219405070872471e-02 9.964064683569575642e-01
9.982032341784787821e-01 -1.796765821521261689e-03 -5.989219405070872471e-02 -1.796765821521261689e-03 9.982032341784787821e-01 -5.989219405070872471e-02 5.989219405070872471e-02 5.989219405070872471e-02 9.964064683569575642e-01
9.982032341784787821e-01 -1.796765821521261689e-03 -5.989219405070872471e-02 -1.796765821521261689e-03 9.982032341784787821e-01 -5.989219405070872471e-02 5.989219405070872471e-02 5.989219405070872471e-02 9.964064683569575642e-01
9.982032341784787821e-01 -1.796765821521261689e-03 -5.989219405070872471e-02 -1.796765821521261689e-03 9.982032341784787821e-01 -5.989219405070872471e-02 5.989219405070872471e-02 5.989219405070872471e-02 9.964064683569575642e-01
9.982032341784787821e-01 -1.796765821521261689e-03 -5.989219405070872471e-02 -1.796765821521261689e-03 9.982032341784787821e-01 -5.989219405070872471e-02 5.989219405070872471e-02 5.989219405070872471e-02 9.964064683569575642e-01
9.982032341784787821e-01 -1.796765821521261689e-03 -5.989219405070872471e-02 -1.796765821521261689e-03 9.982032341784787821e-01 -5.989219405070872471e-02 5.989219405070872471e-02 5.989219405070872471e-02 9.964064683569575642e-01
9.982032341784787821e-01 -1.796765821521261689e-03 -5.989219405070872471e-02 -1.796765821521261689e-03 9.982032341784787821e-01 -5.989219405070872471e-02 5.989219405070872471e-02 5.989219405070872471e-02 9.964064683569575642e-01
9.982032341784787821e-01 -1.796765821521261689e-03 -5.989219405070872471e-02 -1.796765821521261689e-03 9.982032341784787821e-01 -5.989219405070872471e-02 5.989219405070872471e-02 5.989219405070872471e-02 9.964064683569575642e-01
9.982032341784787821e-01 -1.796765821521261689e-03 -5.989219405070872471e-02 -1.796765821521261689e-03 9.982032341784787821e-01 -5.989219405070872471e-02 5.989219405070872471e-02 5.989219405070872471e-02 9.964064683569575642e-01
9.982032341784787821e-01 -1.796765821521261689e-03 -5.989219405070872471e-02 -1.796765821521261689e-03 9.982032341784787821e-01 -5.989219405070872471e-02 5.989219405070872471e-02 5.989219405070872471e-02 9.964064683569575642e-01
9.982032341784787821e-01 -1.796765821521261689e-03 -5.989219405070872471e-02 -1.796765821521261689e-03 9.982032341784787821e-01 -5.989219405070872471e-02 5.989219405070872471e-02 5.989219405070872471e-02 9.964064683569575642e-01
9.982032341784787821e-01 -1.796765821521261689e-03 -5.989219405070872471e-02 -1.796765821521261689e-03 9.982032341784787821e-01 -5.989219405070872471e-02 5.989219405070872471e-02 5.989219405070872471e-02 9.964064683569575642e-01
9.982032341784787821e-01 -1.796765821521261689e-03 -5.989219405070872471e-02 -1.796765821521261689e-03 9.982032341784787821e-01 -5.989219405070872471e-02 5.989219405070872471e-02 5.989219405070872471e-02 9.964064683569575642e-01
9.982032341784787821e-01 -1.796765821521261689e-03 -5.989219405070872471e-02 -1.796765821521261689e-03 9.982032341784787821e-01 -5.989219405070872471e-02 5.989219405070872471e-02 5.989219405070872471e-02 9.964064683569575642e-01
9.982032341784787821e-01 -1.796765821521261689e-03 -5.989219405070872471e-02 -1.796765821521261689e-03 9.982032341784787821e-01 -5.989219405070872471e-02 5.989219405070872471e-02 5.989219405070872471e-02 9.964064683569575642e-01
9.982032341784787821e-01 -1.796765821521261689e-03 -5.989219405070872471e-02 -1.796765821521261689e-03 9.982032341784787821e-01 -5.989219405070872471e-02 5.989219405070872471e-02 5.989219405070872471e-02 9.964064683569575642e-01
9.982032341784787821e-01 -1.796765821521261689e-03 -5.989219405070872471e-02 -1.796765821521261689e-03 9.982032341784787821e-01 -5.989219405070872471e-02 5.989219405070872471e-02 5.989219405070872471e-02 9.964064683569575642e-01
9.982032341784787821e-01 -1.796765821521261689e-03 -5.989219405070872471e-02 -1.796765821521261689e-03 9.982032341784787821e-01 -5.989219405070872471e-02 5.989219405070872471e-02 5.989219405070872471e-02 9.964064683569575642e-01
9.982032341784787821e-01 -1.796765821521261689e-03 -5.989219405070872471e-02 -1.796765821521261689e-03 9.982032341784787821e-01 -5.989219405070872471e-02 5.989219405070872471e-02 5.989219405070872471e-02 9.964064683569575642e-01
9.982032341784787821e-01 -1.796765821521261689e-03 -5.989219405070872471e-02 -1.796765821521261689e-03 9.982032341784787821e-01 -5.989219405070872471e-02 5.989219405070872471e-02 5.989219405070872471e-02 9.964064683569575642e-01
9.982032341784787821e-01 -1.796765821521261689e-03 -5.989219405070872471e-02 -1.796765821521261689e-03 9.982032341784787821e-01 -5.989219405070872471e-02 5.989219405070872471e-02 5.989219405070872471e-02 9.964064683569575642e-01
9.982032341784787821e-01 -1.796765821521261689e-03 -5.989219405070872471e-02 -1.796765821521261689e-03 9.982032341784787821e-01 -5.989219405070872471e-02 5.989219405070872471e-02 5.989219405070872471e-02 9.964064683569575642e-01
9.982032341784787821e-01 -1.796765821521261689e-03 -5.989219405070872471e-02 -1.796765821521261689e-03 9.982032341784787821e-01 -5.989219405070872471e-02 5.989219405070872471e-02 5.989219405070872471e-02 9.964064683569575642e-01
9.982032341784787821e-01 -1.796765821521261689e-03 -5.989219405070872471e-02 -1.796765821521261689e-03 9.982032341784787821e-01 -5.989219405070872471e-02 5.989219405070872471e-02 5.989219405070872471e-02 9.964064683569575642e-01
9.982032341784787821e-01 -1.796765821521261689e-03 -5.989219405070872471e-02 -1.796765821521261689e-03 9.982032341784787821e-01 -5.989219405070872471e-02 5.989219405070872471e-02 5.989219405070872471e-02 9.964064683569575642e-01
9.982032341784787821e-01 -1.796765821521261689e-03 -5.989219405070872471e-02 -1.796765821521261689e-03 9.982032341784787821e-01 -5.989219405070872471e-02 5.989219405070872471e-02 5.989219405070872471e-02 9.964064683569575642e-01
9.982032341784787821e-01 -1.796765821521261689e-03 -5.989219405070872471e-02 -1.796765821521261689e-03 9.982032341784787821e-01 -5.989219405070872471e-02 5.989219405070872471e-02 5.989219405070872471e-02 9.964064683569575642e-01
9.982032341784787821e-01 -1.796765821521261689e-03 -5.989219405070872471e-02 -1.796765821521261689e-03 9.982032341784787821e-01 -5.989219405070872471e-02 5.989219405070872471e-02 5.989219405070872471e-02 9.964064683569575642e-01
9.982032341784787821e-01 -1.796765821521261689e-03 -5.989219405070872471e-02 -1.796765821521261689e-03 9.982032341784787821e-01 -5.989219405070872471e-02 5.989219405070872471e-02 5.989219405070872471e-02 9.964064683569575642e-01
9.982032341784787821e-01 -1.796765821521261689e-03 -5.989219405070872471e-02 -1.796765821521261689e-03 9.982032341784787821e-01 -5.989219405070872471e-02 5.989219405070872471e-02 5.989219405070872471e-02 9.964064683569575642e-01
9.982032341784787821e-01 -1.796765821521261689e-03 -5.989219405070872471e-02 -1.796765821521261689e-03 9.982032341784787821e-01 -5.989219405070872471e-02 5.989219405070872471e-02 5.989219405070872471e-02 9.964064683569575642e-01
9.982032341784787821e-01 -1.796765821521261689e-03 -5.989219405070872471e-02 -1.796765821521261689e-03 9.982032341784787821e-01 -5.989219405070872471e-02 5.989219405070872471e-02 5.989219405070872471e-02 9.964064683569575642e-01
9.980037927936918907e-01 1.816548557740293654e-02 -6.048507835113285658e-02 -2.175865854875736263e-02 9.980037927936918907e-01 -5.928735402734804094e-02 5.928735402734804094e-02 6.048507835113285658e-02 9.964068270286454698e-01
9.980051865150608714e-01 1.755435866746459309e-02 -6.064232994215040806e-02 -2.234191103131857523e-02 9.966088170756034481e-01 -7.919409535208458972e-02 5.904647915419908299e-02 8.039098344304808352e-02 9.950129662876521230e-01
9.974057074436241122e-01 3.811614448213930528e-02 -6.106565555777291460e-02 -4.170824186789065524e-02 9.974057074436241122e-01 -5.867092396727201925e-02 5.867092396727201925e-02 6.106565555777291460e-02 9.964079026142487194e-01
9.974057074436241122e-01 3.811614448213930528e-02 -6.106565555777291460e-02 -4.170824186789065524e-02 9.974057074436241122e-01 -5.867092396727201925e-02 5.867092396727201925e-02 6.106565555777291460e-02 9.964079026142487194e-01
9.964096938266679970e-01 5.804328313553409197e-02 -6.163358930886609494e-02 -6.163358930886609494e-02 9.964096938266679970e-01 -5.804328313553409197e-02 5.804328313553409197e-02 6.163358930886609494e-02 9.964096938266679970e-01
9.964096938266679970e-01 5.804328313553409197e-02 -6.163358930886609494e-02 -6.163358930886609494e-02 9.964096938266679970e-01 -5.804328313553409197e-02 5.804328313553409197e-02 6.163358930886609494e-02 9.964096938266679970e-01
9.950169423958541426e-01 7.793502092884196930e-02 -6.218855889974089085e-02 -8.152282240382702216e-02 9.950169423958541426e-01 -5.740482359976082499e-02 5.740482359976082499e-02 6.218855889974089085e-02 9.964121985250149471e-01
9.918407960199004947e-01 9.711442786069653110e-02 -8.258706467661691697e-02 -1.018905472636816162e-01 9.932338308457712150e-01 -5.572139303482587236e-02 7.661691542288556755e-02 6.368159203980099103e-02 9.950248756218905699e-01
9.896630553622900450e-01 1.168869893648742386e-01 -8.309313189543780787e-02 -1.216578868899711452e-01 9.910545671404432655e-01 -5.486532153861443939e-02 7.593678560779244802e-02 6.440711658880825252e-02 9.950303150780240857e-01
9.853218288207874487e-01 1.358722602400080082e-01 -1.033422592482396568e-01 -1.418228701775266221e-01 9.884954874541306280e-01 -5.256372111474761494e-02 9.501140533571363067e-02 6.644847763562435061e-02 9.932559754041455635e-01
9.798183652875883665e-01 1.562058526740666142e-01 -1.247225025227043510e-01 -1.634712411705348534e-01 9.852674066599395042e-01 -5.025227043390514958e-02 1.150353178607467358e-01 6.962663975782039383e-02 9.909182643794147705e-01
9.742402897967397113e-01 1.545582612195612882e-01 -1.642181525457838687e-01 -1.642181525457838687e-01 9.853089152747031010e-01 -4.689072247937211418e-02 1.545582612195612882e-01 7.265043268263232656e-02 9.853089152747031010e-01
9.637673906515864530e-01 1.723551196076469061e-01 -2.035832249024122076e-01 -1.843659293364028062e-01 9.819837854068661498e-01 -4.143729356420779164e-02 1.927734961465319419e-01 7.746972275047543655e-02 9.781803623260935110e-01
9.551569506726457215e-01 1.704035874439461529e-01 -2.421524663677129541e-01 -1.847533632286995353e-01 9.820627802690583552e-01 -3.766816143497757341e-02 2.313901345291479450e-01 8.071748878923765136e-02 9.695067264573991039e-01
9.450505852013488806e-01 1.711961912318984702e-01 -2.785161674270978382e-01 -1.823050981948026450e-01 9.831382662170203846e-01 -1.428288038087681747e-02 2.713747272366594521e-01 6.427296171394566993e-02 9.603253322753421140e-01
9.355358581788879579e-01 1.514907332796132655e-01 -3.190975020145045415e-01 -1.643835616438356628e-01 9.863013698630136439e-01 -1.369863013698630755e-02 3.126510878323933151e-01 6.526994359387591760e-02 9.476228847703465075e-01
9.223689475790315395e-01 1.496598639455782587e-01 -3.561424569827931208e-01 -1.640656262505002239e-01 9.863945578231292366e-01 -1.040416166466586953e-02 3.497398959583833955e-01 6.802721088435374763e-02 9.343737494997998994e-01
9.078359320687257039e-01 1.517529049558049292e-01 -3.909027708809216795e-01 -1.596980832257423877e-01 9.870890853113516439e-01 1.231502631840302245e-02 3.877246995729466961e-01 5.124639984109644053e-02 9.203495878438772149e-01
8.899377385017072095e-01 1.514360313315926965e-01 -4.302068688491664794e-01 -1.602731472183169525e-01 9.869451697127937795e-01 1.586663988752761573e-02 4.269933721630849721e-01 5.483028720626632185e-02 9.025908817031532694e-01
8.726368159203979902e-01 1.496517412935323421e-01 -4.648756218905472082e-01 -1.592039800995025123e-01 9.870646766169154374e-01 1.890547263681591900e-02 4.616915422885571330e-01 5.751243781094527580e-02 8.851741293532338073e-01
8.415426116495152709e-01 1.534618843041263281e-01 -5.179338595264263434e-01 -1.534618843041263281e-01 9.872115096413227597e-01 4.316115496053553324e-02 5.179338595264263434e-01 4.316115496053553324e-02 8.543311020081925111e-01
8.146174726048055481e-01 1.719111289836131318e-01 -5.539358600583089709e-01 -1.719111289836131318e-01 9.837136825173419252e-01 5.247813411078716683e-02 5.539358600583089709e-01 5.247813411078716683e-02 8.309037900874636229e-01
8.039372439292494787e-01 1.768761866693314699e-01 -5.678025382232437801e-01 -1.648845807934445906e-01 9.836114719696211761e-01 7.294893574497851585e-02 5.714000199860097551e-01 3.497551713800340495e-02 8.199260517637653178e-01
7.777777777777776791e-01 1.830065359477124065e-01 -6.013071895424836333e-01 -1.572649572649572336e-01 9.829059829059829667e-01 9.572649572649571947e-02 6.085470085470084944e-01 2.011060834590246149e-02 7.932629462041226320e-01
7.546121801229913606e-01 1.880579250148780301e-01 -6.286451100972030304e-01 -1.475897639357270641e-01 9.821463995239039235e-01 1.166435231104939740e-01 6.393572703828607207e-01 4.760960126958937999e-03 7.688950605038681330e-01
7.255605381165920464e-01 1.883408071748878809e-01 -6.618834080717488355e-01 -1.452914798206277891e-01 9.820627802690583552e-01 1.201793721973093976e-01 6.726457399103138446e-01 8.968609865470843212e-03 7.399103139013454289e-01
6.951524237881060442e-01 1.959020489755122219e-01 -6.916541729135431416e-01 -1.351324337831084077e-01 9.806096951524237992e-01 1.419290354822588529e-01 7.060469765117439733e-01 -5.197401299350340453e-03 7.081459270364818259e-01
6.633623710824070319e-01 2.040652848703314315e-01 -7.199359166916993180e-01 -1.239611494943426151e-01 9.787724041253630380e-01 1.632121758285771662e-01 7.379593471512967406e-01 -1.902473215179734112e-02 6.745769500350455861e-01
6.298896690070210358e-01 2.046138415245737086e-01 -7.492477432296890116e-01 -1.203610832497492289e-01 9.787362086258776239e-01 1.660982948846539409e-01 7.673019057171514001e-01 -1.444332998996993023e-02 6.411233701103311589e-01
6.095883483361991262e-01 2.142206938403964922e-01 -7.632244361282493061e-01 -1.098412056235461010e-01 9.763325579043188318e-01 1.863052493172853152e-01 7.850713057550319229e-01 -2.973601699200971449e-02 6.186912106806918832e-01
5.819769749900755018e-01 2.215164747915839283e-01 -7.824533545057561490e-01 -9.646685192536719189e-02 9.741961095672886373e-01 2.040492258832869998e-01 8.074632790789995074e-01 -4.327113934100833281e-02 5.883287018658197587e-01
5.608195902048975778e-01 2.318840579710144678e-01 -7.948025987006496207e-01 -8.475762118940527445e-02 9.710144927536231707e-01 2.234882558720639456e-01 8.235882058970515063e-01 -5.797101449275361695e-02 5.642178910544727310e-01
5.384460344653834163e-01 2.335987100675198935e-01 -8.096341832107225578e-01 -8.203164365615236986e-02 9.707749672478080960e-01 2.255366320669152658e-01 8.386576640128993176e-01 -5.502368235412680164e-02 5.418724176156404226e-01
5.246636771300449142e-01 2.421524663677129818e-01 -8.161434977578474470e-01 -6.995515695067262840e-02 9.677130044843049728e-01 2.421524663677129818e-01 8.484304932735424742e-01 -6.995515695067262840e-02 5.246636771300449142e-01
5.025055121266785996e-01 2.533573862497494611e-01 -8.266185608338345592e-01 -5.692523551813986893e-02 9.637201844056925149e-01 2.607737021447184000e-01 8.626979354580077697e-01 -8.398476648626981844e-02 4.986971336941269373e-01
4.664664664664664451e-01 2.382382382382382535e-01 -8.518518518518519711e-01 -3.403403403403403027e-02 9.671671671671672188e-01 2.518518518518518823e-01 8.838838838838839473e-01 -8.848848848848850368e-02 4.592592592592592560e-01
4.433383609854197327e-01 2.501759678230266459e-01 -8.607340372046253796e-01 -2.011060834590244761e-02 9.627953745600804636e-01 2.694821518350929979e-01 8.961287078934138117e-01 -1.021618903971844849e-01 4.318753142282553137e-01
4.047737940677119672e-01 2.620593228802556851e-01 -8.760611205432937698e-01 -3.195845400978725159e-03 9.584540097872765729e-01 2.852292020373514148e-01 9.144112653550384717e-01 -1.126535503845001313e-01 3.887945670628183414e-01
3.810859547184933249e-01 2.746944500100180209e-01 -8.827890202364254701e-01 1.182127830094170662e-02 9.533159687437386953e-01 3.017431376477659466e-01 9.244640352634740932e-01 -1.254257663794830502e-01 3.600480865558004506e-01
3.810859547184933249e-01 2.746944500100180209e-01 -8.827890202364254701e-01 1.182127830094170662e-02 9.533159687437386953e-01 3.017431376477659466e-01 9.244640352634740932e-01 -1.254257663794830502e-01 3.600480865558004506e-01
3.572361152957718167e-01 2.876368384051420923e-01 -8.886210706035955198e-01 2.731746509992971639e-02 9.477754343677814441e-01 3.177663955006528318e-01 9.336145425328914449e-01 -1.377925077834689094e-01 3.307221050517223926e-01
3.420059582919563468e-01 2.871896722939425439e-01 -8.947368421052633858e-01 2.979145978152927809e-02 9.483614697120158477e-01 3.157894736842106753e-01 9.392254220456804914e-01 -1.346573982125124913e-01 3.157894736842105088e-01
3.332662507546790276e-01 3.008653652646408050e-01 -8.935399476755887527e-01 4.326826323203863955e-02 9.418394043067015442e-01 3.332662507546790276e-01 9.418394043067015442e-01 -1.497283155564499979e-01 3.008653652646408050e-01
3.199840605698349161e-01 2.849173142060170694e-01 -9.035664474995017681e-01 6.176529189081482463e-02 9.454074516836024067e-01 3.199840605698345830e-01 9.454074516836021846e-01 -1.581988443913129871e-01 2.849173142060175135e-01
3.112008072653884572e-01 2.988900100908173929e-01 -9.021190716448034275e-01 7.568113017154390332e-02 9.384460141271442346e-01 3.370332996972755235e-01 9.473259334006055576e-01 -1.731584258324924686e-01 2.694248234106961792e-01
2.959010671187792263e-01 2.985937967487783395e-01 -9.073501545826269110e-01 7.798942854293407223e-02 9.391642565074298510e-01 3.344968584820983692e-01 9.520295202952030467e-01 -1.697416974169741466e-01 2.546125461254611366e-01
2.982107355864811460e-01 3.093439363817097609e-01 -9.029821073558649269e-01 8.946322067594432437e-02 9.328031809145128639e-01 3.491053677932405286e-01 9.502982107355865127e-01 -1.848906560636182916e-01 2.504970178926441138e-01
2.718020355218521145e-01 3.125124725603671827e-01 -9.101975653562160984e-01 9.459189782478544251e-02 9.325483935342246955e-01 3.484334464178806545e-01 9.576930752344839926e-01 -1.808022350828177860e-01 2.239074037118341520e-01
2.718020355218521145e-01 3.125124725603671827e-01 -9.101975653562160984e-01 9.459189782478544251e-02 9.325483935342246955e-01 3.484334464178806545e-01 9.576930752344839926e-01 -1.808022350828177860e-01 2.239074037118341520e-01
2.734538914976522017e-01 2.973324008392446149e-01 -9.147767009691275542e-01 1.103007293435907810e-01 9.350584473973424515e-01 3.368967928864021744e-01 9.555400139874111742e-01 -1.930262763512838597e-01 2.228993905485064930e-01
2.582428430404741793e-01 2.971372161895359243e-01 -9.192497532082920531e-01 1.123395853899308711e-01 9.358341559723593051e-01 3.340572556762092526e-01 9.595261599210264114e-01 -1.895360315893386272e-01 2.082922013820338591e-01
2.467167919799499454e-01 3.005513784461152915e-01 -9.213032581453634018e-01 1.152882205513784813e-01 9.348370927318295776e-01 3.358395989974937712e-01 9.622055137844610639e-01 -1.890726817042606700e-01 1.959899749373433808e-01
2.480931352870333617e-01 2.854275391409072937e-01 -9.257326374949818026e-01 1.308711360899237341e-01 9.369731031714171321e-01 3.239662786029706698e-01 9.598554797270172356e-01 -2.015254917703733495e-01 1.951023685266961571e-01
2.455946027590373004e-01 2.740912294834357832e-01 -9.298157285268353611e-01 1.190212466015507231e-01 9.434095257275199042e-01 3.095357969992952318e-01 9.620380626321620721e-01 -1.866881482227369660e-01 1.990736078944718157e-01
2.455946027590373004e-01 2.740912294834357832e-01 -9.298157285268353611e-01 1.190212466015507231e-01 9.434095257275199042e-01 3.095357969992952318e-01 9.620380626321620721e-01 -1.866881482227369660e-01 1.990736078944718157e-01
2.467244507155815225e-01 2.588187865349728112e-01 -9.338842975206612662e-01 1.346502721225559251e-01 9.451723442854262913e-01 2.975206611570248572e-01 9.596855472686959265e-01 -1.991533964926426592e-01 1.983471074380165344e-01
2.560222974318138722e-01 2.442763288871191985e-01 -9.352976308978696585e-01 1.200477802110292008e-01 9.520207047581127346e-01 2.815050766474218036e-01 9.591877364125024341e-01 -1.843519808879155453e-01 2.144136969938286175e-01
2.560222974318138722e-01 2.442763288871191985e-01 -9.352976308978696585e-01 1.200477802110292008e-01 9.520207047581127346e-01 2.815050766474218036e-01 9.591877364125024341e-01 -1.843519808879155453e-01 2.144136969938286175e-01
2.691996766370252647e-01 2.328213419563459619e-01 -9.345189975747775213e-01 1.067097817299918899e-01 9.571544058205335714e-01 2.691996766370250427e-01 9.571544058205333494e-01 -1.721907841552142160e-01 2.328213419563461839e-01
2.806127524122155048e-01 2.299811001691037249e-01 -9.318611359793094184e-01 1.042474883119466483e-01 9.578235352631054855e-01 2.677807619616034973e-01 9.541430418780461054e-01 -1.722868795384462359e-01 2.448025465035315040e-01
2.806127524122155048e-01 2.299811001691037249e-01 -9.318611359793094184e-01 1.042474883119466483e-01 9.578235352631054855e-01 2.677807619616034973e-01 9.541430418780461054e-01 -1.722868795384462359e-01 2.448025465035315040e-01
2.940345210457254721e-01 2.186332895932169007e-01 -9.304532148985564799e-01 9.104673463207832440e-02 9.626526698294135542e-01 2.549712324618956250e-01 9.514484707782375761e-01 -1.596850711618048035e-01 2.631472696073485773e-01
3.051857738923108299e-01 2.159745678521756418e-01 -9.274786409696006428e-01 8.881382873037949044e-02 9.632425988476057688e-01 2.535267236240810740e-01 9.481422610768924786e-01 -1.597456785217564179e-01 2.747864096960064284e-01
3.051857738923108299e-01 2.159745678521756418e-01 -9.274786409696006428e-01 8.881382873037949044e-02 9.632425988476057688e-01 2.535267236240810740e-01 9.481422610768924786e-01 -1.597456785217564179e-01 2.747864096960064284e-01
3.188230552196695822e-01 2.047561467150342263e-01 -9.254332930270050550e-01 7.577589681580004788e-02 9.677549375251914832e-01 2.402257154373236281e-01 9.447803305118902539e-01 -1.467150342603788515e-01 2.930270052398227243e-01
3.450351053159479431e-01 2.022066198595787179e-01 -9.165496489468404340e-01 7.221664994984951236e-02 9.679037111334002352e-01 2.407221664994984855e-01 9.358074222668003594e-01 -1.492477432296890616e-01 3.193580742226681535e-01
3.708582834331336509e-01 1.996007984031936133e-01 -9.069860279441116502e-01 6.866267465069859910e-02 9.680638722554890663e-01 2.411177644710578161e-01 9.261477045908182992e-01 -1.516966067864271017e-01 3.453093812375248595e-01
3.936381709741548773e-01 2.027833001988071648e-01 -8.966202783300200041e-01 3.777335984095428478e-02 9.709741550695825119e-01 2.361829025844930374e-01 9.184890656063618986e-01 -1.268389662027832876e-01 3.745526838966201089e-01
4.186598141925279015e-01 2.004348685510971007e-01 -8.857481715754103035e-01 3.439414904131253559e-02 9.711405416090136411e-01 2.360150227317651950e-01 9.074915991302630047e-01 -1.292745601897608287e-01 3.996837319628382401e-01
4.571314899542469057e-01 1.879848816391486155e-01 -8.693057489556397233e-01 1.889795106425304350e-02 9.751342749154565670e-01 2.208076387507459937e-01 8.891983290232745585e-01 -1.173662223990451503e-01 4.422120549035208903e-01
4.811302114206678082e-01 1.857340446552065427e-01 -8.567476783244419858e-01 1.580715273661333076e-02 9.753013238490416681e-01 2.203121912665481630e-01 8.765066192452085625e-01 -1.195415925706382332e-01 4.663110057300927647e-01
4.951009798040391097e-01 1.759648070385922969e-01 -8.508298340331934551e-01 3.999200159968005486e-03 9.788042391521695196e-01 2.047590481903619752e-01 8.688262347530495422e-01 -1.047790441911617687e-01 4.839032193561286221e-01
5.324232081911262071e-01 1.644248142943184332e-01 -8.303553503312588457e-01 -1.023890784982935120e-02 9.821321019875526304e-01 1.879140734792210943e-01 8.464163822525598846e-01 -9.154788195141541629e-02 5.245934551294919590e-01
5.550687114120693710e-01 1.625174268074088824e-01 -8.157737502489542658e-01 -1.274646484763992949e-02 9.822744473212507987e-01 1.870145389364668009e-01 8.317068313085042019e-01 -9.340768771161121753e-02 5.473013343955388521e-01
5.689551036843165654e-01 1.534125226494866268e-01 -8.079323535333199358e-01 -2.375679484598348934e-02 9.851016710287900935e-01 1.703241393195087661e-01 8.220253674250049825e-01 -7.771290517414938814e-02 5.641232132071674066e-01
5.908183632734531621e-01 1.516966067864271572e-01 -7.924151696606785977e-01 -2.594810379241517528e-02 9.852295409181636154e-01 1.692614770459081874e-01 8.063872255489020757e-01 -7.944111776447107531e-02 5.860279441117763888e-01
6.260600618577272236e-01 1.498553327347101893e-01 -7.652399481193257191e-01 -2.973161728025543182e-02 9.852339618876584382e-01 1.686121919584954998e-01 7.792078220093785479e-01 -8.280953806245636151e-02 6.212710765239948252e-01
6.394962216624685558e-01 1.414609571788413012e-01 -7.556675062972291190e-01 -3.989924433249370656e-02 9.877078085642316818e-01 1.511335012594458016e-01 7.677581863979847654e-01 -6.649874055415615215e-02 6.372795969773299429e-01
6.577636037472593955e-01 1.578632648993422150e-01 -7.364959138927644755e-01 -5.979669124975083017e-02 9.856487941000597885e-01 1.578632648993422150e-01 7.508471197927046870e-01 -5.979669124975083017e-02 6.577636037472593955e-01
6.708911687789177458e-01 1.500704083685374945e-01 -7.262120297726815110e-01 -6.960370146851738160e-02 9.877288271977469059e-01 1.398109032387849227e-01 7.382820358076844780e-01 -4.325085495876081904e-02 6.731040032186682565e-01
6.900258809476408350e-01 1.487159068285885399e-01 -7.083416285088594000e-01 -7.107306390603226887e-02 9.878558630300616761e-01 1.381644435596257603e-01 7.202866812661757878e-01 -4.499303205255824473e-02 6.922158072864821321e-01
7.030795465944427169e-01 1.488614705587320841e-01 -6.953556023673387321e-01 -7.262513792757549491e-02 9.877620623934195709e-01 1.380278864479888012e-01 7.073929180459425092e-01 -4.654428729060088032e-02 7.052863878021867761e-01
7.212025002480404456e-01 1.474352614346661761e-01 -6.768528623871417071e-01 -7.401527929358071856e-02 9.878956245659291646e-01 1.363230479214208035e-01 6.887588054370474833e-01 -4.821906935211828227e-02 7.233852564738565416e-01
7.315101307515720075e-01 1.658848188441960636e-01 -6.613434474498453008e-01 -9.402135941710751399e-02 9.852280666733207459e-01 1.431280566922846775e-01 6.753168978940015110e-01 -4.251921349436073305e-02 7.363010280467112700e-01
7.438681141938078278e-01 1.660635303578608946e-01 -6.473663047848813301e-01 -9.569762766385206398e-02 9.851226377161237391e-01 1.427422597507036484e-01 6.614394853236830185e-01 -4.422999597909128833e-02 7.486932046642541527e-01
7.603659142885551558e-01 1.578999701700308511e-01 -6.300089489907527707e-01 -1.038082927314308568e-01 9.870736800238639752e-01 1.221040071591926179e-01 6.411454708163468741e-01 -2.744357164164262786e-02 7.669285075072088675e-01
7.695152423788105267e-01 1.767116441779110203e-01 -6.136931534232882290e-01 -1.239380309845077299e-01 9.840079960019989525e-01 1.279360319840079918e-01 6.264867566216890671e-01 -2.238880559720139024e-02 7.791104447776111552e-01
7.780455960630712209e-01 1.956412574068494281e-01 -5.969669579190519659e-01 -1.442201466305111646e-01 9.805162197449031058e-01 1.333735060761273294e-01 6.114291453248970054e-01 -1.767600682936628503e-02 7.911017374711257766e-01
7.861318282604313756e-01 2.207216287038903380e-01 -5.773029631122758021e-01 -1.582342269703688742e-01 9.748034670429348569e-01 1.572263656520862807e-01 5.974601894779277833e-01 -3.225156218504333233e-02 8.012497480346704171e-01
7.972395988481778550e-01 2.373150630523285509e-01 -5.550590805282495932e-01 -1.777380597755933433e-01 9.710058584053221642e-01 1.598649587925727866e-01 5.769039817297192396e-01 -2.879555158375533830e-02 8.163042398967330637e-01
8.139907797153737024e-01 2.565644417718981884e-01 -5.211465223491683618e-01 -2.004409701342954597e-01 9.661254760473040326e-01 1.625576267789136664e-01 5.451994387652837615e-01 -2.786129484866707584e-02 8.378432551613548274e-01
8.194611982308001030e-01 2.754322476879775272e-01 -5.026135906714918056e-01 -2.211499798954563722e-01 9.609971853638922257e-01 1.660635303578609223e-01 5.287494973864094172e-01 -2.492963409730598878e-02 8.484117410534779413e-01
8.369899731956716993e-01 2.966345676561102929e-01 -4.598431450411991084e-01 -2.370693934279756998e-01 9.539362652635758888e-01 1.838578377841754707e-01 4.931996426089544916e-01 -4.487243125186138326e-02 8.687580661173434082e-01
8.459696727853152076e-01 2.968874700718275861e-01 -4.429369513168395778e-01 -2.394253790901835488e-01 9.537110933758978781e-01 1.819632881085395115e-01 4.764565043894652407e-01 -4.788507581803670698e-02 8.778930566640064104e-01
8.492904257445532679e-01 3.154107535478712365e-01 -4.233459924045571698e-01 -2.602438536877872965e-01 9.478313012192683962e-01 1.840895462722366149e-01 4.593244053567858698e-01 -4.617229662202675111e-02 8.870677593443933029e-01
8.576448147776327691e-01 3.156309607469128808e-01 -4.059833350065254476e-01 -2.626242345146069246e-01 9.475956229294247857e-01 1.819094468426864508e-01 4.421242847103704077e-01 -4.939263126192147690e-02 8.955928119666699549e-01
8.598854156196602538e-01 3.341039300432204207e-01 -3.859684390390993869e-01 -2.834455724193385984e-01 9.413006332294703293e-01 1.833350085435722088e-01 4.245652829430093256e-01 -4.824605487988742336e-02 9.041109659262237530e-01
8.613821547128055478e-01 3.524796298159139085e-01 -3.657579720350064845e-01 -3.041947490192133396e-01 9.346142239211346903e-01 1.842872950407403454e-01 4.068001207122019514e-01 -4.748013278342216870e-02 9.122824665526606536e-01
8.687133912340941899e-01 3.526560290850332957e-01 -3.478085235305998224e-01 -3.066047263179155213e-01 9.343566956170470394e-01 1.815794788931528458e-01 3.890123207432841235e-01 -5.110078771965258226e-02 9.198141789537467305e-01
8.715941741801249698e-01 3.673833349846427621e-01 -3.245813930446844187e-01 -3.245813930446844187e-01 9.286634301000693537e-01 1.795303675814921007e-01 3.673833349846427621e-01 -5.112454176161695951e-02 9.286634301000693537e-01
8.842892768079799737e-01 3.674812967581047030e-01 -2.880798004987530914e-01 -3.291770573566084046e-01 9.281795511221945238e-01 1.735660847880299007e-01 3.311720698254363993e-01 -5.865336658354113747e-02 9.417456359102244212e-01
8.831621971887149147e-01 3.854052437443924450e-01 -2.673711494367461139e-01 -3.495164988535540695e-01 9.208453793240952701e-01 1.728641212242049974e-01 3.128302262984747895e-01 -5.921642906988337091e-02 9.479613199082842501e-01
8.884996496847161751e-01 3.829446501851667128e-01 -2.528275447903113315e-01 -3.549194274847363162e-01 9.227304574116704794e-01 1.503353017715944595e-01 2.908617755980382746e-01 -4.383945550995896334e-02 9.557601841657491493e-01
8.862341297610716317e-01 4.008797360791763187e-01 -2.321303608917325290e-01 -3.748875337398780982e-01 9.150254923522942452e-01 1.489553134059782291e-01 2.721183644906528531e-01 -4.498650404878536818e-02 9.612116365090472847e-01
8.909601122469432699e-01 4.008819402685910305e-01 -2.132691922228903691e-01 -3.768290238524755198e-01 9.148125876929243949e-01 1.453197033473642430e-01 2.533573862497494611e-01 -4.910803768290240151e-02 9.661254760473040326e-01
8.875550220088035402e-01 4.185674269707883033e-01 -1.924769907963184978e-01 -3.965586234493797546e-01 9.067627050820328272e-01 1.432573029211684501e-01 2.344937975190075907e-01 -5.082032813125249987e-02 9.707883153261305242e-01
8.914308649407987062e-01 4.168171784065823338e-01 -1.778045354204294548e-01 -4.007625928155728601e-01 9.082881798113586758e-01 1.200080272927954994e-01 2.115191651615492829e-01 -3.572145293999598459e-02 9.767208508930362854e-01
8.868868868868869937e-01 4.344344344344343578e-01 -1.571571571571571124e-01 -4.200200200200199796e-01 8.998998998998999355e-01 1.173173173173173156e-01 1.923923923923923640e-01 -3.803803803803804118e-02 9.805805805805806186e-01
8.900260887015853939e-01 4.330724463174793759e-01 -1.424844471202086904e-01 -4.234396949628737583e-01 9.010636162954044348e-01 9.371864338751755008e-02 1.689745133453742776e-01 -2.307846678707604904e-02 9.853501906482038386e-01
8.928750879308611221e-01 4.331222992664053861e-01 -1.232036981207918769e-01 -4.246809365892874610e-01 9.009144809566878020e-01 8.943824741232037079e-02 1.497336951060194987e-01 -2.753492111345591867e-02 9.883428801125514473e-01
8.868075728738855634e-01 4.505659621356306044e-01 -1.027747170189321768e-01 -4.433537012921967557e-01 8.922167685064609222e-01 8.594610838425323363e-02 1.304217169187618930e-01 -3.065210858459380475e-02 9.909846739457076614e-01
8.888331493929968463e-01 4.496839570582924495e-01 -8.809069930771548651e-02 -4.456707133540684929e-01 8.930470552824320007e-01 6.200461523025986577e-02 1.065516203471456036e-01 -1.585231263168455570e-02 9.941807966288752629e-01
8.816591704147925812e-01 4.669665167416290896e-01 -6.796601699150424392e-02 -4.637681159420288801e-01 8.840579710144927938e-01 5.797101449275361695e-02 8.715642178910544546e-02 -1.959020489755122427e-02 9.960019990004997936e-01
8.829765953190638061e-01 4.668933786757352156e-01 -4.860972194438888117e-02 -4.644928985797159848e-01 8.839767953590718097e-01 5.321064212842569613e-02 6.781356271254251888e-02 -2.440488097619524649e-02 9.973994798959791019e-01
8.839187431201841472e-01 4.667267086960873446e-01 -2.922045431802262200e-02 -4.651255879115381298e-01 8.839187431201841472e-01 4.843390373261283882e-02 4.843390373261283882e-02 -2.922045431802262200e-02 9.983988792154507852e-01
8.752863831058870225e-01 4.835142942524157106e-01 -9.363482418567586202e-03 -4.827174021316865127e-01 8.746887140153400964e-01 4.362984360992131633e-02 2.928578543679649995e-02 -3.366869210080685598e-02 9.990038848490885304e-01
8.752863831058870225e-01 4.835142942524157106e-01 -9.363482418567586202e-03 -4.827174021316865127e-01 8.746887140153400964e-01 4.362984360992131633e-02 2.928578543679649995e-02 -3.366869210080685598e-02 9.990038848490885304e-01
8.658077304261644347e-01 5.002973240832508939e-01 -8.919722497522299121e-03 -4.995044598612489173e-01 8.652130822596629800e-01 4.360753221010903180e-02 2.953419226957384319e-02 -3.330029732408325283e-02 9.990089197224975015e-01
8.659926652790167489e-01 4.999504410744374239e-01 1.030825651699871122e-02 -4.999504410744374239e-01 8.651997224700168632e-01 3.845772623649518912e-02 1.030825651699871122e-02 -3.845772623649518912e-02 9.992070571910001142e-01
8.659926652790167489e-01 4.999504410744374239e-01 1.030825651699871122e-02 -4.999504410744374239e-01 8.651997224700168632e-01 3.845772623649518912e-02 1.030825651699871122e-02 -3.845772623649518912e-02 9.992070571910001142e-01
8.631908659189653221e-01 5.039911084166919242e-01 2.990805294533697284e-02 -5.047994341719712619e-01 8.625846216025058188e-01 3.354551884409416596e-02 -8.891583308073151837e-03 -4.405375366272608340e-02 9.989895928059008279e-01
8.626262626262626299e-01 5.034343434343434565e-01 4.929292929292930503e-02 -5.050505050505050830e-01 8.626262626262626299e-01 2.828282828282828801e-02 -2.828282828282828801e-02 -4.929292929292930503e-02 9.983838383838383734e-01
8.526633165829144989e-01 5.206030150753769847e-01 4.402010050251257273e-02 -5.214070351758796074e-01 8.532663316582913549e-01 8.442211055276383977e-03 -3.316582914572865221e-02 -3.015075376884422675e-02 9.989949748743718327e-01
8.517327975891512137e-01 5.201406328478151986e-01 6.328478151682571939e-02 -5.213460572576594787e-01 8.533400301356102169e-01 3.013561024610748873e-03 -5.243596182822701790e-02 -3.556002009040683254e-02 9.979909593169261628e-01
8.517327975891512137e-01 5.201406328478151986e-01 6.328478151682571939e-02 -5.213460572576594787e-01 8.533400301356102169e-01 3.013561024610748873e-03 -5.243596182822701790e-02 -3.556002009040683254e-02 9.979909593169261628e-01
8.504316402328848667e-01 5.195743826540855093e-01 8.251355149568362357e-02 -5.211804858462156798e-01 8.534430837181288254e-01 -2.409154788195141256e-03 -7.167235494880547231e-02 -4.095563139931741869e-02 9.965870307167234987e-01
8.504316402328848667e-01 5.195743826540855093e-01 8.251355149568362357e-02 -5.211804858462156798e-01 8.534430837181288254e-01 -2.409154788195141256e-03 -7.167235494880547231e-02 -4.095563139931741869e-02 9.965870307167234987e-01
8.487614080834419150e-01 5.189048239895698300e-01 1.016949152542373086e-01 -5.209106408584897041e-01 8.535753685688496351e-01 -7.822685788787489547e-03 -9.086350416207002179e-02 -4.633436967204895146e-02 9.947848761408083496e-01
8.487614080834419150e-01 5.189048239895698300e-01 1.016949152542373086e-01 -5.209106408584897041e-01 8.535753685688496351e-01 -7.822685788787489547e-03 -9.086350416207002179e-02 -4.633436967204895146e-02 9.947848761408083496e-01
8.467241033860949395e-01 5.181326387497494634e-01 1.208174714486074663e-01 -5.205369665397715506e-01 8.537367261069925828e-01 -1.322380284512121584e-02 -1.099979963935082961e-01 -5.169304748547384754e-02 9.925866559807653422e-01
8.467241033860949395e-01 5.181326387497494634e-01 1.208174714486074663e-01 -5.205369665397715506e-01 8.537367261069925828e-01 -1.322380284512121584e-02 -1.099979963935082961e-01 -5.169304748547384754e-02 9.925866559807653422e-01
8.467241033860949395e-01 5.181326387497494634e-01 1.208174714486074663e-01 -5.205369665397715506e-01 8.537367261069925828e-01 -1.322380284512121584e-02 -1.099979963935082961e-01 -5.169304748547384754e-02 9.925866559807653422e-01
8.467241033860949395e-01 5.181326387497494634e-01 1.208174714486074663e-01 -5.205369665397715506e-01 8.537367261069925828e-01 -1.322380284512121584e-02 -1.099979963935082961e-01 -5.169304748547384754e-02 9.925866559807653422e-01
